ramda: 361.65 KB (8.86%)
core-js-pure: 275 KB (6.74%)
ramda-adjunct: 255.42 KB (6.26%)
lodash: 249.73 KB (6.12%)
@swagger-api\apidom-ns-openapi-3-0: 210.08 KB (5.15%)
swagger-client: 158.71 KB (3.89%)
  is-plain-object: 758 B (0.466%)
  <self>: 157.97 KB (99.5%)
@swagger-api\apidom-ns-openapi-3-1: 154.77 KB (3.79%)
immutable: 139.01 KB (3.41%)
react-dom: 119.19 KB (2.92%)
js-yaml: 105.01 KB (2.57%)
@swagger-api\apidom-reference: 85.16 KB (2.09%)
@swagger-api\apidom-ns-json-schema-draft-4: 58.11 KB (1.42%)
minim: 57.35 KB (1.41%)
buffer: 56.99 KB (1.40%)
@swagger-api\apidom-core: 47.68 KB (1.17%)
react-redux: 46.86 KB (1.15%)
@swagger-api\apidom-ast: 44.47 KB (1.09%)
url: 37.24 KB (0.913%)
  punycode: 14.33 KB (38.5%)
  <self>: 22.92 KB (61.5%)
fast-json-patch: 31.89 KB (0.782%)
redux: 28.94 KB (0.709%)
qs: 26.61 KB (0.652%)
sha.js: 18.57 KB (0.455%)
object-inspect: 18.15 KB (0.445%)
url-parse: 16.23 KB (0.398%)
cross-fetch: 14.31 KB (0.351%)
get-intrinsic: 13.01 KB (0.319%)
reselect: 12.51 KB (0.306%)
@babel\runtime-corejs3: 11.1 KB (0.272%)
unraw: 9.9 KB (0.243%)
short-unique-id: 8.29 KB (0.203%)
react-copy-to-clipboard: 7.33 KB (0.180%)
traverse: 7.15 KB (0.175%)
react: 6.48 KB (0.159%)
redux-immutable: 5.43 KB (0.133%)
process: 5.29 KB (0.130%)
cookie: 5.1 KB (0.125%)
scheduler: 4.91 KB (0.120%)
deep-extend: 4.19 KB (0.103%)
deepmerge: 3.95 KB (0.0969%)
base64-js: 3.84 KB (0.0941%)
@swagger-api\apidom-json-pointer: 3.68 KB (0.0902%)
side-channel: 3.31 KB (0.0811%)
copy-to-clipboard: 3.29 KB (0.0805%)
stampit: 3.16 KB (0.0774%)
css.escape: 3.08 KB (0.0755%)
@babel\runtime: 3.05 KB (0.0748%)
serialize-error: 2.93 KB (0.0717%)
hoist-non-react-statics: 2.68 KB (0.0656%)
prop-types: 2.6 KB (0.0637%)
use-sync-external-store: 2.59 KB (0.0636%)
querystringify: 2.5 KB (0.0614%)
react-is: 2.48 KB (0.0609%)
has-symbols: 2.13 KB (0.0522%)
ieee754: 2.1 KB (0.0515%)
object-assign: 2.06 KB (0.0504%)
call-bind: 1.68 KB (0.0411%)
safe-buffer: 1.63 KB (0.0400%)
function-bind: 1.55 KB (0.0380%)
randombytes: 1.54 KB (0.0377%)
@braintree\sanitize-url: 1.38 KB (0.0338%)
toggle-selection: 780 B (0.0187%)
inherits: 753 B (0.0180%)
requires-port: 753 B (0.0180%)
formdata-node: 259 B (0.00620%)
has-proto: 197 B (0.00471%)
has: 129 B (0.00309%)
object-inspect|./util.inspec: 15 B (0.000359%)
<self>: 1.27 MB (31.9%)
