ramda: 361.65 KB (8.97%)
core-js-pure: 276.66 KB (6.87%)
ramda-adjunct: 255.42 KB (6.34%)
lodash: 251.03 KB (6.23%)
@swagger-api\apidom-ns-openapi-3-0: 210.08 KB (5.21%)
swagger-client: 158.71 KB (3.94%)
  is-plain-object: 758 B (0.466%)
  <self>: 157.97 KB (99.5%)
@swagger-api\apidom-ns-openapi-3-1: 154.77 KB (3.84%)
immutable: 139.01 KB (3.45%)
react-dom: 119.19 KB (2.96%)
js-yaml: 105.01 KB (2.61%)
@swagger-api\apidom-reference: 85.16 KB (2.11%)
@swagger-api\apidom-ns-json-schema-draft-4: 58.11 KB (1.44%)
minim: 57.35 KB (1.42%)
buffer: 56.99 KB (1.41%)
@swagger-api\apidom-core: 47.68 KB (1.18%)
react-redux: 46.86 KB (1.16%)
@swagger-api\apidom-ast: 44.47 KB (1.10%)
url: 37.24 KB (0.924%)
  punycode: 14.33 KB (38.5%)
  <self>: 22.92 KB (61.5%)
fast-json-patch: 31.89 KB (0.792%)
redux: 28.94 KB (0.718%)
qs: 26.61 KB (0.660%)
sha.js: 18.57 KB (0.461%)
object-inspect: 18.15 KB (0.450%)
url-parse: 16.23 KB (0.403%)
cross-fetch: 14.31 KB (0.355%)
get-intrinsic: 13.01 KB (0.323%)
reselect: 12.51 KB (0.310%)
react-immutable-proptypes: 11.82 KB (0.293%)
@babel\runtime-corejs3: 11.16 KB (0.277%)
unraw: 9.9 KB (0.246%)
short-unique-id: 8.29 KB (0.206%)
react-copy-to-clipboard: 7.33 KB (0.182%)
traverse: 7.15 KB (0.177%)
react: 6.48 KB (0.161%)
redux-immutable: 5.43 KB (0.135%)
process: 5.29 KB (0.131%)
cookie: 5.1 KB (0.127%)
scheduler: 4.91 KB (0.122%)
deep-extend: 4.19 KB (0.104%)
deepmerge: 3.95 KB (0.0981%)
base64-js: 3.84 KB (0.0953%)
@swagger-api\apidom-json-pointer: 3.68 KB (0.0913%)
side-channel: 3.31 KB (0.0822%)
copy-to-clipboard: 3.29 KB (0.0815%)
stampit: 3.16 KB (0.0784%)
css.escape: 3.08 KB (0.0764%)
@babel\runtime: 3.05 KB (0.0757%)
serialize-error: 2.93 KB (0.0726%)
hoist-non-react-statics: 2.68 KB (0.0665%)
prop-types: 2.6 KB (0.0645%)
use-sync-external-store: 2.59 KB (0.0644%)
querystringify: 2.5 KB (0.0621%)
react-is: 2.48 KB (0.0616%)
has-symbols: 2.13 KB (0.0529%)
ieee754: 2.1 KB (0.0522%)
object-assign: 2.06 KB (0.0511%)
call-bind: 1.68 KB (0.0417%)
safe-buffer: 1.63 KB (0.0405%)
function-bind: 1.55 KB (0.0385%)
randombytes: 1.54 KB (0.0382%)
@braintree\sanitize-url: 1.38 KB (0.0342%)
toggle-selection: 780 B (0.0189%)
inherits: 753 B (0.0182%)
requires-port: 753 B (0.0182%)
formdata-node: 259 B (0.00628%)
has-proto: 197 B (0.00477%)
has: 129 B (0.00313%)
object-inspect|./util.inspec: 15 B (0.000364%)
<self>: 1.21 MB (30.7%)
