ramda: 361.65 KB (9.03%)
core-js-pure: 275 KB (6.86%)
ramda-adjunct: 255.42 KB (6.37%)
lodash: 249.73 KB (6.23%)
@swagger-api\apidom-ns-openapi-3-0: 210.08 KB (5.24%)
swagger-client: 158.71 KB (3.96%)
  is-plain-object: 758 B (0.466%)
  <self>: 157.97 KB (99.5%)
@swagger-api\apidom-ns-openapi-3-1: 154.77 KB (3.86%)
immutable: 139.01 KB (3.47%)
react-dom: 119.19 KB (2.97%)
js-yaml: 105.01 KB (2.62%)
@swagger-api\apidom-reference: 85.16 KB (2.13%)
@swagger-api\apidom-ns-json-schema-draft-4: 58.11 KB (1.45%)
minim: 57.35 KB (1.43%)
buffer: 56.99 KB (1.42%)
@swagger-api\apidom-core: 47.68 KB (1.19%)
react-redux: 46.86 KB (1.17%)
@swagger-api\apidom-ast: 44.47 KB (1.11%)
url: 37.24 KB (0.929%)
  punycode: 14.33 KB (38.5%)
  <self>: 22.92 KB (61.5%)
fast-json-patch: 31.89 KB (0.796%)
redux: 28.94 KB (0.722%)
qs: 26.61 KB (0.664%)
sha.js: 18.57 KB (0.463%)
object-inspect: 18.15 KB (0.453%)
url-parse: 16.23 KB (0.405%)
cross-fetch: 14.31 KB (0.357%)
get-intrinsic: 13.01 KB (0.325%)
reselect: 12.51 KB (0.312%)
@babel\runtime-corejs3: 11.1 KB (0.277%)
unraw: 9.9 KB (0.247%)
short-unique-id: 8.29 KB (0.207%)
react-copy-to-clipboard: 7.33 KB (0.183%)
traverse: 7.15 KB (0.178%)
react: 6.48 KB (0.162%)
redux-immutable: 5.43 KB (0.136%)
process: 5.29 KB (0.132%)
cookie: 5.1 KB (0.127%)
scheduler: 4.91 KB (0.123%)
deep-extend: 4.19 KB (0.105%)
deepmerge: 3.95 KB (0.0987%)
base64-js: 3.84 KB (0.0958%)
@swagger-api\apidom-json-pointer: 3.68 KB (0.0919%)
side-channel: 3.31 KB (0.0826%)
copy-to-clipboard: 3.29 KB (0.0820%)
stampit: 3.16 KB (0.0788%)
css.escape: 3.08 KB (0.0768%)
@babel\runtime: 3.05 KB (0.0761%)
serialize-error: 2.93 KB (0.0730%)
hoist-non-react-statics: 2.68 KB (0.0668%)
prop-types: 2.6 KB (0.0649%)
use-sync-external-store: 2.59 KB (0.0647%)
querystringify: 2.5 KB (0.0625%)
react-is: 2.48 KB (0.0620%)
has-symbols: 2.13 KB (0.0532%)
ieee754: 2.1 KB (0.0525%)
object-assign: 2.06 KB (0.0514%)
call-bind: 1.68 KB (0.0419%)
safe-buffer: 1.63 KB (0.0407%)
function-bind: 1.55 KB (0.0387%)
randombytes: 1.54 KB (0.0384%)
@braintree\sanitize-url: 1.38 KB (0.0344%)
toggle-selection: 780 B (0.0190%)
inherits: 753 B (0.0184%)
requires-port: 753 B (0.0184%)
formdata-node: 259 B (0.00631%)
has-proto: 197 B (0.00480%)
has: 129 B (0.00314%)
object-inspect|./util.inspec: 15 B (0.000366%)
<self>: 1.2 MB (30.7%)
