ramda: 361.65 KB (9.22%)
ramda-adjunct: 255.42 KB (6.51%)
lodash: 247.08 KB (6.30%)
core-js-pure: 217.06 KB (5.53%)
@swagger-api\apidom-ns-openapi-3-0: 210.08 KB (5.36%)
swagger-client: 158.71 KB (4.05%)
  is-plain-object: 758 B (0.466%)
  <self>: 157.97 KB (99.5%)
@swagger-api\apidom-ns-openapi-3-1: 154.77 KB (3.95%)
immutable: 139.01 KB (3.54%)
react-dom: 119.19 KB (3.04%)
js-yaml: 105.01 KB (2.68%)
@swagger-api\apidom-reference: 85.16 KB (2.17%)
@swagger-api\apidom-ns-json-schema-draft-4: 58.11 KB (1.48%)
minim: 57.35 KB (1.46%)
buffer: 56.99 KB (1.45%)
@swagger-api\apidom-core: 47.68 KB (1.22%)
react-redux: 46.86 KB (1.19%)
@swagger-api\apidom-ast: 44.47 KB (1.13%)
url: 37.24 KB (0.950%)
  punycode: 14.33 KB (38.5%)
  <self>: 22.92 KB (61.5%)
fast-json-patch: 31.89 KB (0.813%)
redux: 28.94 KB (0.738%)
qs: 26.61 KB (0.679%)
sha.js: 18.57 KB (0.473%)
object-inspect: 18.15 KB (0.463%)
url-parse: 16.23 KB (0.414%)
cross-fetch: 14.31 KB (0.365%)
get-intrinsic: 13.01 KB (0.332%)
reselect: 12.51 KB (0.319%)
@babel\runtime-corejs3: 11.04 KB (0.282%)
unraw: 9.9 KB (0.252%)
short-unique-id: 8.29 KB (0.211%)
react-copy-to-clipboard: 7.33 KB (0.187%)
traverse: 7.15 KB (0.182%)
react: 6.48 KB (0.165%)
redux-immutable: 5.43 KB (0.139%)
process: 5.29 KB (0.135%)
cookie: 5.1 KB (0.130%)
scheduler: 4.91 KB (0.125%)
deep-extend: 4.19 KB (0.107%)
deepmerge: 3.95 KB (0.101%)
base64-js: 3.84 KB (0.0979%)
@swagger-api\apidom-json-pointer: 3.68 KB (0.0939%)
side-channel: 3.31 KB (0.0844%)
copy-to-clipboard: 3.29 KB (0.0838%)
stampit: 3.16 KB (0.0805%)
css.escape: 3.08 KB (0.0785%)
@babel\runtime: 3.05 KB (0.0778%)
serialize-error: 2.93 KB (0.0746%)
hoist-non-react-statics: 2.68 KB (0.0683%)
prop-types: 2.6 KB (0.0663%)
use-sync-external-store: 2.59 KB (0.0661%)
querystringify: 2.5 KB (0.0638%)
react-is: 2.48 KB (0.0633%)
has-symbols: 2.13 KB (0.0543%)
ieee754: 2.1 KB (0.0536%)
object-assign: 2.06 KB (0.0525%)
call-bind: 1.68 KB (0.0428%)
safe-buffer: 1.63 KB (0.0416%)
function-bind: 1.55 KB (0.0396%)
randombytes: 1.54 KB (0.0393%)
@braintree\sanitize-url: 1.38 KB (0.0352%)
toggle-selection: 780 B (0.0194%)
inherits: 753 B (0.0188%)
requires-port: 753 B (0.0188%)
formdata-node: 259 B (0.00645%)
has-proto: 197 B (0.00491%)
has: 129 B (0.00321%)
object-inspect|./util.inspec: 15 B (0.000374%)
<self>: 1.18 MB (30.7%)
